106628
106629
106630
106631
106636
106637
106638
106639
106644
106645
106646
106647
106652
106653
106654
106655
106660
106661
106662
106663
106668
106669
106670
106671
106676
106677
106678
106679
106684
106685
106686
106687
106692
106693
106694
106695
106700
106701
106702
106703
106764
106765
106766
106767
106772
106773
106774
106775
106780
106781
106782
106783
106788
106789
106790
106791
106796
106797
106798
106799
106804
106805
106806
106807
107140
107141
107142
107143
107148
107149
107150
107151
107156
107157
107158
107159
107164
107165
107166
107167
107172
107173
107174
107175
107180
107181
107182
107183
107188
107189
107190
107191
107196
107197
107198
107199
107204
107205
107206
107207
107212
107213
107214
107215
107276
107277
107278
107279
107284
107285
107286
107287
107292
107293
107294
107295
107300
107301
107302
107303
107308
107309
107310
107311
107316
107317
107318
107319
107652
107653
107654
107655
107660
107661
107662
107663
107668
107669
107670
107671
107676
107677
107678
107679
107684
107685
107686
107687
107692
107693
107694
107695
107700
107701
107702
107703
107708
107709
107710
107711
107716
107717
107718
107719
107724
107725
107726
107727
107788
107789
107790
107791
107796
107797
107798
107799
107804
107805
107806
107807
107812
107813
107814
107815
107820
107821
107822
107823
107828
107829
107830
107831
108164
108165
108166
108167
108172
108173
108174
108175
108180
108181
108182
108183
108188
108189
108190
108191
108196
108197
108198
108199
108204
108205
108206
108207
108212
108213
108214
108215
108220
108221
108222
108223
108228
108229
108230
108231
108236
108237
108238
108239
108300
108301
108302
108303
108308
108309
108310
108311
108316
108317
108318
108319
108324
108325
108326
108327
108332
108333
108334
108335
108340
108341
108342
108343
108676
108677
108678
108679
108684
108685
108686
108687
108692
108693
108694
108695
108700
108701
108702
108703
108708
108709
108710
108711
108716
108717
108718
108719
108724
108725
108726
108727
108732
108733
108734
108735
108740
108741
108742
108743
108748
108749
108750
108751
108812
108813
108814
108815
108820
108821
108822
108823
108828
108829
108830
108831
108836
108837
108838
108839
108844
108845
108846
108847
108852
108853
108854
108855
109188
109189
109190
109191
109196
109197
109198
109199
109204
109205
109206
109207
109212
109213
109214
109215
109220
109221
109222
109223
109228
109229
109230
109231
109236
109237
109238
109239
109244
109245
109246
109247
109252
109253
109254
109255
109260
109261
109262
109263
109324
109325
109326
109327
109332
109333
109334
109335
109340
109341
109342
109343
109348
109349
109350
109351
109356
109357
109358
109359
109364
109365
109366
109367
109700
109701
109702
109703
109708
109709
109710
109711
109716
109717
109718
109719
109724
109725
109726
109727
109732
109734
109735
109740
109741
109742
109743
109748
109749
109750
109751
109756
109757
109758
109759
109764
109765
109766
109767
109772
109773
109774
109775
109836
109837
109838
109839
109844
109845
109846
109847
109852
109853
109854
109855
109860
109861
109862
109863
109868
109869
109870
109871
109876
109877
109878
109879
110212
110213
110214
110215
110220
110221
110222
110223
110228
110229
110230
110231
110236
110237
110238
110239
110244
110245
110246
110247
110252
110253
110254
110255
110260
110261
110262
110263
110268
110269
110270
110271
110276
110277
110278
110279
110284
110285
110286
110287
110348
110349
110350
110351
110356
110357
110358
110359
110364
110365
110366
110367
110372
110373
110374
110375
110380
110381
110382
110383
110388
110389
110390
110391
110724
110725
110726
110727
110732
110733
110734
110735
110740
110741
110742
110743
110748
110749
110750
110751
110756
110757
110758
110759
110764
110765
110766
110767
110772
110773
110774
110775
110780
110781
110782
110783
110788
110789
110790
110791
110796
110797
110798
110799
110860
110861
110862
110863
110868
110869
110870
110871
110876
110877
110878
110879
110884
110885
110886
110887
110893
110894
110895
110900
110901
110902
110903
111236
111237
111238
111239
111244
111245
111246
111247
111252
111253
111254
111255
111260
111261
111262
111263
111268
111269
111270
111271
111276
111277
111278
111279
111284
111285
111286
111287
111292
111293
111294
111295
111300
111301
111302
111303
111308
111309
111310
111311
111372
111373
111374
111375
111380
111381
111382
111383
111388
111389
111390
111391
111396
111397
111398
111399
111404
111405
111406
111407
111412
111413
111414
111415
115332
115333
115334
115335
115340
115341
115342
115343
115348
115349
115350
115351
115356
115357
115358
115359
115364
115365
115366
115367
115372
115373
115374
115375
115380
115381
115382
115383
115388
115389
115390
115391
115396
115397
115398
115399
115404
115405
115406
115407
115468
115469
115470
115471
115476
115477
115478
115479
115484
115485
115486
115487
115492
115494
115495
115500
115501
115502
115503
115508
115509
115510
115511
115844
115845
115846
115847
115852
115853
115854
115855
115860
115861
115862
115863
115868
115869
115870
115871
115876
115877
115878
115879
115884
115885
115886
115887
115892
115893
115894
115895
115900
115901
115902
115903
115908
115909
115910
115911
115916
115917
115918
115919
115980
115981
115982
115983
115988
115989
115990
115991
115996
115997
115998
115999
116004
116005
116006
116007
116012
116013
116014
116015
116020
116021
116022
116023
116356
116357
116358
116359
116364
116365
116366
116367
116372
116373
116374
116375
116380
116381
116382
116383
116388
116389
116390
116391
116396
116397
116398
116399
116404
116405
116406
116407
116412
116413
116414
116415
116420
116421
116422
116423
116428
116429
116430
116431
116492
116493
116494
116495
116500
116501
116502
116503
116508
116509
116510
116511
116516
116517
116518
116519
116524
116525
116526
116527
116532
116533
116534
116535
116868
116869
116870
116871
116876
116877
116878
116879
116884
116885
116886
116887
116892
116893
116894
116895
116900
116901
116902
116903
116908
116909
116910
116911
116916
116917
116918
116919
116924
116925
116926
116927
116932
116933
116934
116935
116940
116941
116942
116943
117004
117005
117006
117007
117012
117013
117014
117015
117020
117021
117022
117023
117028
117029
117030
117031
117036
117037
117038
117039
117044
117045
117046
117047
117380
117381
117382
117383
117388
117389
117390
117391
117396
117397
117398
117399
117404
117405
117406
117407
117412
117413
117414
117415
117420
117421
117422
117423
117428
117429
117430
117431
117436
117437
117438
117439
117444
117445
117446
117447
117452
117453
117454
117455
117516
117517
117518
117519
117524
117525
117526
117527
117532
117533
117534
117535
117540
117541
117542
117543
117548
117549
117550
117551
117556
117557
117558
117559
117892
117893
117894
117895
117900
117901
117902
117903
117908
117909
117910
117911
117916
117917
117918
117919
117924
117925
117926
117927
117932
117933
117934
117935
117940
117941
117942
117943
117948
117949
117950
117951
117956
117957
117958
117959
117964
117965
117966
117967
118028
118029
118030
118031
118036
118037
118038
118039
118044
118045
118046
118047
118052
118053
118054
118055
118060
118061
118062
118063
118068
118069
118070
118071
213256
213257
213258
213259
213260
213261
213262
213263
213272
213273
213274
213275
213276
213277
213278
213279
213288
213289
213290
213291
213292
213293
213294
213295
213304
213305
213306
213307
213308
213309
213310
213311
213320
213321
213322
213323
213324
213325
213326
213327
213336
213337
213338
213339
213340
213341
213342
213343
213352
213353
213354
213355
213356
213357
213358
213359
213368
213369
213370
213371
213372
213373
213374
213375
213384
213385
213386
213387
213388
213389
213390
213391
213400
213401
213402
213403
213404
213405
213406
213407
213528
213529
213530
213531
213532
213533
213534
213535
213544
213545
213546
213547
213548
213549
213550
213551
213560
213561
213562
213563
213564
213565
213566
213567
213576
213577
213578
213579
213580
213581
213582
213583
213592
213593
213594
213595
213596
213597
213598
213599
213608
213609
213610
213611
213612
213613
213614
213615
214280
214281
214282
214283
214284
214285
214286
214287
214296
214297
214298
214299
214300
214301
214302
214303
214312
214313
214314
214315
214316
214317
214318
214319
214328
214329
214330
214331
214332
214333
214334
214335
214344
214345
214346
214347
214348
214349
214350
214351
214360
214361
214362
214363
214364
214365
214366
214367
214376
214377
214378
214379
214380
214381
214382
214383
214393
214394
214395
214396
214397
214398
214399
214408
214409
214410
214411
214412
214413
214414
214415
214424
214425
214426
214427
214428
214429
214430
214431
214552
214553
214554
214555
214556
214557
214558
214559
214568
214569
214570
214571
214572
214573
214574
214575
214584
214585
214586
214587
214588
214589
214590
214591
214600
214601
214602
214603
214604
214605
214606
214607
214616
214617
214618
214619
214620
214621
214622
214623
214632
214633
214634
214635
214636
214637
214638
214639
215304
215305
215306
215307
215308
215309
215310
215311
215320
215321
215322
215323
215324
215325
215326
215327
215336
215337
215338
215339
215340
215341
215342
215343
215352
215353
215354
215355
215356
215357
215358
215359
215368
215369
215370
215371
215372
215373
215374
215375
215384
215385
215386
215387
215388
215389
215390
215391
215400
215401
215402
215403
215404
215405
215406
215407
215416
215417
215418
215419
215420
215421
215422
215423
215432
215433
215434
215435
215436
215437
215438
215439
215448
215449
215450
215451
215452
215453
215454
215455
215576
215577
215578
215579
215580
215581
215582
215583
215592
215593
215594
215595
215596
215597
215598
215599
215608
215609
215610
215611
215612
215613
215614
215615
215624
215625
215626
215627
215628
215629
215630
215631
215640
215641
215642
215643
215644
215645
215646
215647
215656
215657
215658
215659
215660
215661
215662
215663
216328
216329
216330
216331
216332
216333
216334
216335
216344
216345
216346
216347
216348
216349
216350
216351
216360
216361
216362
216363
216364
216365
216366
216367
216376
216377
216378
216379
216380
216381
216382
216383
216392
216393
216394
216395
216396
216397
216398
216399
216408
216409
216410
216411
216412
216413
216414
216415
216424
216425
216426
216427
216428
216429
216430
216431
216440
216441
216442
216443
216444
216445
216446
216447
216456
216457
216458
216459
216460
216461
216462
216463
216472
216473
216474
216475
216476
216477
216478
216479
216600
216601
216602
216603
216604
216605
216606
216607
216616
216617
216618
216619
216620
216621
216622
216623
216632
216633
216634
216635
216636
216637
216638
216639
216648
216649
216650
216651
216652
216653
216654
216655
216664
216665
216666
216667
216668
216669
216670
216671
216680
216681
216682
216683
216684
216685
216686
216687
217352
217353
217354
217355
217356
217357
217358
217359
217368
217369
217370
217371
217372
217373
217374
217375
217384
217385
217386
217387
217388
217389
217390
217391
217400
217401
217402
217403
217404
217405
217406
217407
217416
217417
217418
217419
217420
217421
217422
217423
217432
217433
217434
217435
217436
217437
217438
217439
217448
217449
217450
217451
217452
217453
217454
217455
217464
217465
217466
217467
217468
217469
217470
217471
217480
217481
217482
217483
217484
217485
217486
217487
217496
217497
217498
217499
217500
217501
217502
217503
217624
217625
217626
217627
217628
217629
217630
217631
217640
217641
217642
217643
217644
217645
217646
217647
217656
217657
217658
217659
217660
217661
217662
217663
217672
217673
217674
217675
217676
217677
217678
217679
217688
217689
217690
217691
217692
217693
217694
217695
217704
217705
217706
217707
217708
217709
217710
217711
218376
218377
218378
218379
218380
218381
218382
218383
218392
218393
218394
218395
218396
218397
218398
218399
218408
218409
218410
218411
218412
218413
218414
218415
218424
218425
218426
218427
218428
218429
218430
218431
218440
218441
218442
218443
218444
218445
218446
218447
218456
218457
218458
218459
218460
218461
218462
218463
218472
218473
218474
218475
218476
218477
218478
218479
218488
218489
218490
218491
218492
218493
218494
218495
218504
218505
218506
218507
218508
218509
218510
218511
218520
218521
218522
218523
218524
218525
218526
218527
218648
218649
218650
218651
218652
218653
218654
218655
218664
218665
218666
218667
218668
218669
218670
218671
218680
218681
218682
218683
218684
218685
218686
218687
218696
218697
218698
218699
218700
218701
218702
218703
218712
218713
218714
218715
218716
218717
218718
218719
218728
218729
218730
218731
218732
218733
218734
218735
219400
219401
219402
219403
219404
219405
219406
219407
219416
219417
219418
219419
219420
219421
219422
219423
219432
219433
219434
219435
219436
219437
219438
219439
219448
219449
219450
219451
219452
219453
219454
219455
219464
219465
219466
219467
219468
219469
219470
219471
219480
219481
219482
219483
219484
219485
219486
219487
219496
219497
219498
219499
219500
219501
219502
219503
219512
219513
219514
219515
219516
219517
219518
219519
219528
219529
219530
219531
219532
219533
219534
219535
219544
219545
219546
219547
219549
219550
219551
219672
219673
219674
219675
219676
219677
219678
219679
219688
219689
219690
219691
219692
219693
219694
219695
219704
219705
219706
219707
219708
219709
219710
219711
219720
219721
219722
219723
219724
219725
219726
219727
219736
219737
219738
219739
219740
219741
219742
219743
219752
219753
219754
219755
219756
219757
219758
219759
220424
220425
220426
220427
220428
220429
220430
220431
220440
220441
220442
220443
220444
220445
220446
220447
220456
220457
220458
220459
220460
220461
220462
220463
220472
220473
220474
220475
220476
220477
220478
220479
220488
220489
220490
220491
220492
220493
220494
220495
220504
220505
220506
220507
220508
220509
220510
220511
220520
220521
220522
220523
220524
220525
220526
220527
220536
220537
220538
220539
220540
220541
220542
220543
220552
220553
220554
220555
220556
220557
220558
220559
220568
220569
220570
220571
220572
220573
220574
220575
220696
220697
220698
220699
220700
220701
220702
220703
220712
220713
220714
220715
220716
220717
220718
220719
220728
220729
220730
220731
220732
220733
220734
220735
220744
220745
220746
220747
220748
220749
220750
220751
220760
220761
220762
220763
220764
220765
220766
220767
220776
220777
220778
220779
220780
220781
220782
220783
221448
221449
221450
221451
221452
221453
221454
221455
221464
221465
221466
221467
221468
221469
221470
221471
221480
221481
221482
221483
221484
221485
221486
221487
221496
221497
221498
221499
221500
221501
221502
221503
221512
221513
221514
221515
221516
221517
221518
221519
221528
221529
221530
221531
221532
221533
221534
221535
221544
221545
221546
221547
221548
221549
221550
221551
221560
221561
221562
221563
221564
221565
221566
221567
221576
221577
221578
221579
221580
221581
221582
221583
221592
221593
221594
221595
221596
221597
221598
221599
221721
221722
221723
221724
221725
221726
221727
221736
221737
221738
221739
221740
221741
221742
221743
221752
221753
221754
221755
221756
221757
221758
221759
221768
221769
221770
221771
221772
221773
221774
221775
221784
221785
221786
221787
221788
221789
221790
221791
221800
221801
221802
221803
221804
221805
221806
221807
222472
222473
222474
222475
222476
222477
222478
222479
222488
222489
222490
222491
222492
222493
222494
222495
222504
222505
222506
222507
222508
222509
222510
222511
222520
222521
222522
222523
222524
222525
222526
222527
222536
222537
222538
222539
222540
222541
222542
222543
222552
222553
222554
222555
222556
222557
222558
222559
222568
222569
222570
222571
222572
222573
222574
222575
222584
222585
222586
222587
222588
222589
222590
222591
222600
222601
222602
222603
222604
222605
222606
222607
222616
222617
222618
222619
222620
222621
222622
222623
222744
222745
222746
222747
222748
222749
222750
222751
222760
222761
222762
222763
222764
222765
222766
222767
222776
222777
222778
222779
222780
222781
222782
222783
222792
222793
222794
222795
222796
222797
222798
222799
222808
222809
222810
222811
222812
222813
222814
222815
222824
222825
222826
222827
222828
222829
222830
222831
230664
230665
230666
230667
230668
230669
230670
230671
230680
230681
230682
230683
230684
230685
230686
230687
230696
230697
230698
230699
230700
230701
230702
230703
230712
230713
230714
230715
230716
230717
230718
230719
230728
230729
230730
230731
230732
230733
230734
230735
230744
230745
230746
230747
230748
230749
230750
230751
230760
230761
230762
230763
230764
230765
230766
230767
230776
230777
230778
230779
230780
230781
230782
230783
230792
230793
230794
230795
230796
230797
230798
230799
230808
230809
230810
230811
230812
230813
230814
230815
230936
230937
230938
230939
230940
230941
230942
230943
230952
230953
230954
230955
230956
230957
230958
230959
230968
230969
230970
230971
230972
230973
230974
230975
230984
230985
230986
230987
230988
230989
230990
230991
231000
231001
231002
231003
231004
231005
231006
231007
231016
231017
231018
231019
231020
231021
231022
231023
231688
231689
231690
231691
231692
231693
231694
231695
231704
231705
231706
231707
231708
231709
231710
231711
231720
231721
231722
231723
231724
231725
231726
231727
231736
231737
231738
231739
231740
231741
231742
231743
231752
231753
231754
231755
231756
231757
231758
231759
231768
231769
231770
231771
231772
231773
231774
231775
231784
231785
231786
231787
231788
231789
231790
231791
231800
231801
231802
231803
231804
231805
231806
231807
231816
231817
231818
231819
231820
231821
231822
231823
231832
231833
231834
231835
231836
231837
231838
231839
231960
231961
231962
231963
231964
231965
231966
231967
231976
231977
231978
231979
231980
231981
231982
231983
231992
231993
231994
231995
231996
231997
231998
231999
232008
232009
232010
232011
232012
232013
232014
232015
232024
232025
232026
232027
232028
232029
232030
232031
232040
232041
232042
232043
232044
232045
232046
232047
232712
232713
232714
232715
232716
232717
232718
232719
232728
232729
232730
232731
232732
232733
232734
232735
232744
232745
232746
232747
232748
232749
232750
232751
232760
232761
232762
232763
232764
232765
232766
232767
232776
232777
232778
232779
232780
232781
232782
232783
232792
232793
232794
232795
232796
232797
232798
232799
232808
232809
232810
232811
232812
232813
232814
232815
232824
232825
232826
232827
232828
232829
232830
232831
232840
232841
232842
232843
232844
232845
232846
232847
232856
232857
232858
232859
232860
232861
232862
232863
232984
232985
232986
232987
232988
232989
232990
232991
233000
233001
233002
233003
233004
233005
233006
233007
233016
233017
233018
233019
233020
233021
233022
233023
233032
233033
233034
233035
233036
233037
233038
233039
233048
233049
233050
233051
233052
233053
233054
233055
233064
233065
233066
233067
233068
233069
233070
233071
233736
233737
233738
233739
233740
233741
233742
233743
233752
233753
233754
233755
233756
233757
233758
233759
233768
233769
233770
233771
233772
233773
233774
233775
233784
233785
233786
233787
233788
233789
233790
233791
233800
233801
233802
233803
233804
233805
233806
233807
233816
233817
233818
233819
233820
233821
233822
233823
233832
233833
233834
233835
233836
233837
233838
233839
233848
233849
233850
233851
233852
233853
233854
233855
233864
233865
233866
233867
233868
233869
233870
233871
233880
233881
233882
233883
233884
233885
233886
233887
234008
234009
234010
234011
234012
234013
234014
234015
234024
234025
234026
234027
234028
234029
234030
234031
234040
234041
234042
234043
234044
234045
234046
234047
234056
234057
234058
234059
234060
234061
234062
234063
234072
234073
234074
234075
234076
234077
234078
234079
234088
234089
234090
234091
234092
234093
234094
234095
234760
234761
234762
234763
234764
234765
234766
234767
234776
234777
234778
234779
234780
234781
234782
234783
234792
234793
234794
234795
234796
234797
234798
234799
234808
234809
234810
234811
234812
234813
234814
234815
234824
234825
234826
234827
234828
234829
234830
234831
234840
234841
234842
234843
234844
234845
234846
234847
234856
234857
234858
234859
234860
234861
234862
234863
234872
234873
234874
234875
234876
234877
234878
234879
234888
234889
234890
234891
234892
234893
234894
234895
234904
234905
234906
234907
234908
234909
234910
234911
235032
235033
235034
235035
235036
235037
235038
235039
235048
235049
235050
235051
235052
235053
235054
235055
235064
235065
235066
235067
235068
235069
235070
235071
235080
235081
235082
235083
235084
235085
235086
235087
235096
235097
235098
235099
235100
235101
235102
235103
235112
235113
235114
235115
235116
235117
235118
235119
235784
235785
235786
235787
235788
235789
235790
235791
235800
235801
235802
235803
235804
235805
235806
235807
235816
235817
235818
235819
235820
235821
235822
235823
235832
235833
235834
235835
235836
235837
235838
235839
235848
235849
235850
235851
235852
235853
235854
235855
235864
235865
235866
235867
235868
235869
235870
235871
235880
235881
235882
235883
235884
235885
235886
235887
235896
235897
235898
235899
235900
235901
235902
235903
235912
235913
235914
235915
235916
235917
235918
235919
235928
235929
235930
235931
235932
235933
235934
235935
236056
236057
236058
236059
236060
236061
236062
236063
236072
236073
236074
236075
236076
236077
236078
236079
236088
236089
236090
236091
236092
236093
236094
236095
236104
236105
236106
236107
236108
236109
236110
236111
236120
236121
236122
236123
236124
236125
236126
236127
236136
236137
236138
236139
236140
236141
236142
236143
26656
26657
26658
26659
26660
26661
26662
26663
26664
26665
26666
26667
26668
26669
26670
26671
26672
26673
26674
26675
26690
26691
26692
26693
26694
26695
26696
26697
26698
26699
26700
26701
26784
26785
26786
26787
26788
26789
26790
26791
26792
26793
26794
26795
26796
26797
26798
26799
26800
26801
26802
26803
26818
26819
26820
26821
26822
26823
26824
26825
26826
26827
26828
26829
26912
26913
26914
26915
26916
26917
26918
26919
26920
26921
26922
26923
26924
26925
26926
26927
26928
26929
26930
26931
26946
26947
26948
26949
26950
26951
26952
26953
26954
26955
26956
26957
27040
27042
27043
27044
27045
27046
27047
27048
27049
27050
27051
27052
27053
27054
27055
27056
27057
27058
27059
27074
27075
27076
27077
27078
27079
27080
27081
27082
27083
27084
27085
27168
27169
27170
27171
27172
27173
27174
27175
27176
27177
27178
27179
27180
27181
27182
27183
27184
27185
27186
27187
27202
27203
27204
27205
27206
27207
27208
27209
27210
27211
27212
27213
27296
27297
27298
27299
27300
27301
27302
27303
27304
27305
27306
27307
27308
27309
27310
27311
27312
27313
27314
27315
27330
27331
27332
27333
27334
27335
27336
27337
27338
27339
27340
27341
27424
27425
27426
27427
27428
27429
27430
27431
27432
27433
27434
27435
27436
27437
27438
27439
27440
27441
27442
27443
27458
27459
27460
27461
27462
27463
27464
27465
27466
27467
27468
27469
27552
27553
27554
27555
27556
27557
27558
27559
27560
27561
27562
27563
27564
27565
27566
27567
27568
27569
27570
27571
27586
27587
27588
27589
27590
27591
27592
27593
27594
27595
27596
27597
27680
27681
27682
27683
27684
27685
27686
27687
27688
27689
27690
27691
27692
27693
27694
27695
27696
27697
27698
27699
27714
27715
27716
27717
27718
27719
27720
27721
27722
27723
27724
27725
27808
27809
27810
27811
27812
27813
27814
27815
27816
27817
27818
27819
27820
27821
27822
27823
27824
27825
27826
27827
27842
27843
27844
27845
27846
27847
27848
27849
27850
27851
27852
27853
28832
28833
28834
28835
28836
28837
28838
28839
28840
28841
28842
28843
28844
28845
28846
28847
28848
28849
28850
28851
28866
28867
28868
28869
28870
28871
28872
28873
28874
28875
28876
28877
28960
28961
28962
28963
28964
28965
28966
28967
28968
28969
28970
28971
28972
28973
28974
28975
28976
28977
28978
28979
28994
28995
28996
28997
28998
28999
29000
29001
29002
29003
29004
29088
29089
29090
29091
29092
29093
29094
29095
29096
29097
29098
29099
29100
29101
29102
29103
29104
29105
29106
29107
29122
29123
29124
29125
29126
29127
29128
29129
29130
29131
29132
29133
29216
29217
29218
29219
29220
29221
29222
29223
29224
29225
29226
29227
29228
29229
29230
29231
29232
29233
29234
29235
29250
29251
29252
29253
29254
29255
29256
29257
29258
29259
29260
29261
29344
29345
29346
29347
29348
29349
29350
29351
29352
29353
29354
29355
29356
29357
29358
29359
29360
29361
29362
29363
29378
29379
29380
29381
29382
29383
29384
29385
29386
29387
29388
29389
29472
29473
29474
29475
29476
29477
29478
29479
29480
29481
29482
29483
29484
29485
29486
29487
29488
29489
29490
29491
29506
29507
29508
29509
29510
29511
29512
29513
29514
29515
29516
29517
426512
426513
426514
426515
426516
426517
426518
426519
426520
426521
426522
426523
426524
426525
426526
426527
426544
426545
426546
426547
426548
426549
426550
426551
426552
426553
426554
426555
426556
426557
426558
426559
426576
426577
426578
426579
426580
426581
426582
426583
426584
426585
426586
426587
426588
426589
426590
426591
426608
426609
426610
426611
426612
426613
426614
426615
426616
426617
426618
426619
426620
426621
426622
426623
426640
426641
426642
426643
426644
426645
426646
426647
426648
426649
426650
426651
426652
426653
426654
426655
426672
426673
426674
426675
426676
426677
426678
426679
426680
426681
426682
426683
426684
426685
426686
426687
426704
426705
426706
426707
426708
426709
426710
426711
426712
426713
426714
426715
426716
426717
426718
426719
426736
426737
426738
426739
426740
426741
426742
426743
426744
426745
426746
426747
426748
426749
426750
426751
426768
426769
426770
426771
426772
426773
426774
426775
426776
426777
426778
426779
426780
426781
426782
426783
426800
426801
426802
426803
426804
426805
426806
426807
426808
426809
426810
426811
426812
426813
426814
426815
427056
427057
427058
427059
427060
427061
427062
427063
427064
427065
427066
427067
427068
427069
427070
427071
427088
427089
427090
427091
427092
427093
427094
427095
427096
427097
427098
427099
427100
427101
427102
427103
427120
427121
427122
427123
427124
427125
427126
427127
427128
427129
427130
427131
427132
427133
427134
427135
427152
427153
427154
427155
427156
427157
427158
427159
427160
427161
427162
427163
427164
427165
427166
427167
427184
427185
427186
427187
427188
427189
427190
427191
427192
427193
427194
427195
427196
427197
427198
427199
427216
427217
427218
427219
427220
427221
427222
427223
427224
427225
427226
427227
427228
427229
427230
427231
428560
428561
428562
428563
428564
428565
428566
428567
428568
428569
428570
428571
428573
428574
428575
428592
428593
428595
428596
428597
428598
428599
428600
428601
428602
428603
428604
428605
428606
428607
428624
428625
428626
428627
428628
428629
428630
428631
428632
428633
428634
428635
428636
428637
428638
428639
428656
428657
428658
428659
428660
428661
428662
428663
428664
428665
428666
428667
428668
428669
428670
428671
428688
428689
428690
428691
428692
428693
428694
428695
428696
428697
428698
428699
428700
428701
428702
428703
428720
428721
428722
428723
428724
428725
428726
428727
428728
428729
428730
428731
428732
428733
428734
428735
428752
428753
428754
428755
428756
428757
428758
428759
428760
428761
428762
428763
428764
428765
428766
428767
428784
428785
428786
428787
428788
428789
428790
428791
428792
428793
428794
428795
428796
428797
428798
428799
428816
428817
428818
428819
428820
428821
428822
428823
428824
428825
428826
428827
428828
428829
428830
428831
428848
428849
428850
428851
428852
428853
428854
428855
428856
428857
428858
428859
428860
428861
428862
428863
429105
429106
429107
429108
429109
429110
429111
429112
429113
429114
429115
429116
429117
429118
429119
429136
429137
429138
429139
429140
429141
429142
429143
429144
429145
429146
429147
429148
429149
429150
429151
429168
429169
429170
429171
429172
429173
429174
429175
429176
429177
429178
429179
429180
429181
429182
429183
429200
429201
429202
429203
429204
429205
429206
429207
429208
429209
429210
429211
429212
429213
429214
429215
429232
429233
429234
429235
429236
429237
429238
429239
429240
429241
429242
429243
429244
429245
429246
429247
429264
429265
429266
429267
429268
429269
429270
429271
429272
429273
429274
429275
429276
429277
429278
429279
430608
430609
430610
430611
430612
430613
430614
430615
430616
430617
430618
430619
430620
430621
430622
430623
430640
430641
430642
430643
430644
430645
430646
430647
430648
430649
430650
430651
430652
430653
430654
430655
430672
430673
430674
430675
430676
430677
430678
430679
430680
430681
430682
430683
430684
430685
430686
430687
430704
430705
430706
430707
430708
430709
430710
430711
430712
430713
430714
430715
430716
430717
430718
430719
430736
430737
430738
430739
430740
430741
430742
430743
430744
430745
430746
430747
430748
430749
430750
430751
430768
430769
430770
430771
430772
430773
430774
430775
430776
430777
430778
430779
430780
430781
430782
430783
430800
430801
430802
430803
430804
430805
430806
430807
430808
430809
430810
430811
430812
430813
430814
430815
430832
430833
430834
430835
430836
430837
430838
430839
430840
430841
430842
430843
430844
430845
430846
430847
430864
430865
430866
430867
430868
430869
430870
430871
430872
430873
430874
430875
430876
430877
430878
430879
430896
430897
430898
430899
430900
430901
430902
430903
430904
430905
430906
430907
430908
430909
430910
430911
431152
431153
431154
431155
431156
431157
431158
431159
431160
431161
431162
431163
431184
431185
431186
431187
431188
431189
431190
431191
431192
431193
431194
431195
431196
431197
431198
431199
431216
431217
431218
431219
431220
431221
431222
431223
431224
431225
431226
431227
431228
431229
431230
431231
431248
431249
431250
431251
431252
431253
431254
431255
431256
431257
431258
431259
431260
431261
431262
431263
431280
431281
431282
431283
431284
431285
431286
431287
431288
431289
431290
431291
431292
431293
431294
431295
431312
431313
431314
431315
431316
431317
431318
431319
431320
431321
431322
431323
431324
431325
431326
431327
432656
432657
432658
432659
432660
432661
432662
432663
432664
432665
432667
432668
432669
432670
432671
432688
432689
432690
432691
432692
432693
432694
432695
432696
432697
432698
432699
432700
432701
432702
432703
432720
432721
432722
432723
432724
432725
432726
432727
432728
432729
432730
432731
432732
432733
432734
432735
432752
432753
432754
432755
432756
432757
432758
432759
432760
432761
432762
432763
432764
432765
432766
432767
432784
432785
432786
432787
432788
432789
432790
432791
432792
432793
432794
432795
432796
432797
432798
432799
432816
432817
432818
432819
432820
432821
432822
432823
432824
432825
432826
432827
432828
432829
432830
432831
432848
432849
432850
432851
432852
432853
432854
432855
432856
432858
432859
432860
432861
432862
432863
432880
432881
432882
432883
432884
432885
432886
432887
432888
432889
432890
432891
432892
432893
432894
432895
432912
432913
432914
432915
432916
432917
432918
432919
432920
432921
432922
432923
432924
432925
432926
432927
432944
432945
432946
432947
432948
432949
432950
432951
432952
432953
432954
432955
432956
432957
432958
432959
433200
433201
433202
433203
433204
433205
433206
433207
433208
433209
433210
433211
433212
433213
433214
433215
433232
433233
433234
433235
433236
433237
433238
433239
433240
433241
433242
433243
433244
433245
433246
433247
433264
433265
433266
433267
433268
433269
433270
433271
433272
433273
433274
433275
433276
433277
433278
433279
433296
433297
433298
433299
433300
433301
433302
433303
433304
433305
433306
433307
433308
433309
433310
433311
433328
433329
433330
433331
433332
433333
433334
433335
433336
433337
433338
433339
433340
433341
433342
433343
433360
433361
433362
433363
433364
433365
433366
433367
433368
433369
433370
433371
433372
433373
433374
433375
434704
434705
434706
434707
434708
434709
434710
434711
434712
434713
434714
434715
434716
434717
434718
434719
434736
434737
434738
434739
434740
434741
434742
434743
434744
434745
434746
434747
434748
434749
434750
434751
434768
434769
434770
434771
434772
434773
434774
434775
434776
434777
434778
434779
434780
434781
434782
434783
434800
434801
434802
434803
434804
434805
434806
434807
434808
434809
434810
434811
434812
434813
434814
434815
434832
434833
434834
434835
434836
434837
434838
434839
434840
434841
434842
434843
434844
434845
434846
434847
434864
434865
434866
434867
434868
434869
434870
434871
434872
434873
434874
434875
434876
434877
434878
434879
434896
434897
434898
434899
434900
434901
434902
434903
434904
434905
434906
434907
434908
434909
434910
434911
434928
434929
434930
434931
434932
434933
434934
434935
434936
434937
434938
434939
434940
434941
434942
434943
434960
434961
434962
434963
434964
434965
434966
434967
434968
434969
434970
434971
434972
434973
434974
434975
434992
434993
434994
434995
434996
434997
434998
434999
435000
435001
435002
435003
435004
435005
435006
435007
435248
435249
435250
435251
435252
435253
435254
435255
435256
435257
435258
435259
435260
435261
435262
435263
435280
435281
435282
435283
435284
435285
435286
435287
435288
435289
435290
435291
435292
435293
435294
435295
435312
435313
435314
435315
435316
435317
435318
435319
435320
435321
435322
435323
435324
435325
435326
435327
435344
435345
435346
435347
435348
435349
435350
435351
435352
435353
435354
435355
435356
435357
435358
435359
435376
435377
435378
435379
435380
435381
435382
435383
435384
435385
435386
435387
435388
435389
435390
435391
435408
435409
435410
435411
435412
435413
435414
435415
435416
435417
435418
435419
435420
435421
435422
435423
436752
436753
436754
436755
436756
436757
436758
436759
436760
436761
436762
436763
436764
436765
436766
436767
436784
436785
436786
436787
436788
436789
436790
436791
436792
436793
436794
436795
436796
436797
436798
436799
436816
436817
436818
436819
436820
436821
436822
436823
436824
436825
436826
436827
436828
436829
436830
436831
436848
436849
436850
436851
436852
436853
436854
436855
436856
436857
436858
436859
436860
436861
436862
436863
436880
436881
436882
436883
436884
436885
436886
436887
436888
436889
436890
436891
436892
436893
436894
436895
436912
436913
436914
436915
436916
436917
436918
436919
436920
436921
436922
436923
436924
436925
436926
436927
436944
436945
436946
436947
436948
436949
436950
436951
436952
436953
436954
436955
436956
436957
436958
436959
436976
436977
436978
436979
436980
436981
436982
436983
436984
436985
436986
436987
436988
436989
436990
436991
437008
437009
437010
437011
437012
437013
437014
437015
437016
437017
437018
437019
437020
437021
437022
437023
437040
437041
437042
437043
437044
437045
437046
437047
437048
437049
437050
437051
437052
437053
437054
437055
437296
437297
437298
437299
437300
437301
437302
437303
437304
437305
437306
437307
437308
437309
437310
437311
437328
437329
437330
437331
437332
437333
437334
437335
437336
437337
437338
437339
437340
437341
437342
437343
437360
437361
437362
437363
437364
437365
437366
437367
437368
437369
437370
437371
437372
437373
437374
437375
437392
437393
437394
437395
437396
437397
437398
437399
437400
437401
437402
437403
437404
437405
437406
437407
437424
437425
437426
437427
437428
437429
437430
437431
437432
437433
437434
437435
437436
437437
437438
437439
437456
437457
437458
437459
437460
437461
437462
437463
437464
437465
437466
437467
437468
437469
437470
437471
438800
438801
438802
438803
438804
438805
438806
438807
438808
438809
438810
438811
438812
438813
438814
438815
438832
438833
438834
438835
438836
438837
438838
438839
438840
438841
438842
438843
438844
438845
438846
438847
438864
438865
438866
438867
438868
438869
438870
438871
438872
438873
438874
438875
438876
438877
438878
438879
438896
438897
438898
438899
438900
438901
438902
438903
438904
438905
438906
438907
438908
438909
438910
438911
438928
438929
438930
438931
438932
438933
438934
438935
438936
438937
438938
438939
438940
438941
438942
438943
438960
438961
438962
438963
438964
438965
438966
438967
438968
438969
438970
438971
438972
438973
438974
438975
438992
438993
438994
438995
438996
438997
438998
438999
439000
439001
439002
439003
439004
439005
439006
439007
439024
439025
439026
439027
439028
439029
439030
439031
439032
439033
439034
439035
439036
439037
439038
439039
439056
439057
439058
439059
439060
439061
439062
439063
439064
439065
439066
439067
439068
439069
439070
439071
439088
439089
439090
439091
439092
439093
439094
439095
439096
439097
439098
439099
439100
439101
439102
439103
439344
439345
439346
439347
439348
439349
439350
439351
439352
439353
439354
439355
439356
439357
439358
439359
439376
439377
439378
439379
439380
439381
439382
439383
439384
439385
439386
439387
439388
439389
439390
439391
439408
439409
439410
439411
439412
439413
439414
439415
439416
439417
439418
439419
439420
439421
439422
439423
439440
439441
439442
439443
439444
439445
439446
439447
439448
439449
439450
439451
439452
439453
439454
439455
439472
439473
439474
439475
439476
439477
439478
439479
439480
439481
439482
439483
439484
439485
439486
439487
439504
439505
439506
439507
439508
439509
439510
439511
439512
439513
439514
439515
439516
439517
439518
439519
440848
440849
440850
440851
440852
440853
440854
440855
440856
440857
440858
440859
440860
440861
440862
440863
440880
440881
440882
440883
440884
440885
440886
440887
440888
440889
440890
440891
440892
440893
440894
440895
440912
440913
440914
440915
440916
440917
440918
440919
440920
440921
440922
440923
440924
440925
440926
440927
440944
440945
440946
440947
440948
440949
440950
440951
440952
440953
440954
440955
440956
440957
440958
440959
440976
440977
440978
440979
440980
440981
440982
440983
440984
440985
440986
440987
440988
440989
440990
440991
441009
441010
441011
441012
441013
441014
441015
441016
441017
441018
441019
441020
441021
441022
441023
441040
441041
441042
441043
441044
441045
441046
441047
441048
441049
441050
441051
441052
441053
441054
441055
441072
441073
441074
441075
441076
441077
441078
441079
441080
441081
441082
441083
441084
441085
441086
441087
441104
441105
441106
441107
441108
441109
441110
441111
441112
441113
441114
441115
441116
441117
441118
441119
441136
441137
441138
441139
441140
441141
441142
441143
441144
441145
441146
441147
441148
441149
441150
441151
441392
441393
441394
441395
441396
441397
441398
441399
441400
441401
441402
441403
441404
441405
441406
441407
441424
441425
441426
441427
441428
441429
441430
441431
441432
441433
441434
441435
441436
441437
441438
441439
441456
441457
441458
441459
441460
441461
441462
441463
441464
441465
441466
441467
441468
441469
441470
441471
441488
441489
441490
441491
441492
441493
441494
441495
441496
441497
441498
441499
441500
441501
441502
441503
441520
441521
441522
441523
441524
441525
441526
441527
441528
441529
441530
441531
441532
441533
441534
441535
441552
441553
441554
441555
441556
441557
441558
441559
441560
441561
441562
441563
441564
441565
441566
441567
442896
442897
442898
442899
442900
442901
442902
442903
442904
442905
442906
442907
442908
442909
442910
442911
442928
442929
442930
442931
442932
442933
442934
442935
442936
442937
442938
442939
442940
442941
442942
442943
442960
442961
442962
442963
442964
442965
442966
442967
442968
442969
442970
442971
442972
442973
442974
442975
442992
442993
442994
442995
442996
442997
442998
442999
443000
443001
443002
443003
443004
443005
443006
443007
443024
443025
443026
443027
443028
443029
443030
443031
443032
443033
443034
443035
443036
443037
443038
443039
443056
443057
443058
443059
443060
443061
443062
443063
443064
443065
443066
443067
443068
443069
443070
443071
443088
443089
443090
443091
443092
443093
443094
443095
443096
443097
443098
443099
443100
443101
443102
443103
443120
443121
443122
443123
443124
443125
443126
443127
443128
443129
443130
443131
443132
443133
443134
443135
443152
443153
443154
443155
443156
443157
443158
443159
443160
443161
443162
443163
443164
443165
443166
443167
443184
443185
443186
443187
443188
443189
443190
443191
443192
443193
443194
443195
443196
443197
443198
443199
443440
443441
443442
443443
443444
443445
443446
443447
443448
443449
443450
443451
443452
443453
443454
443455
443472
443473
443474
443475
443476
443477
443478
443479
443480
443481
443482
443483
443484
443485
443486
443487
443504
443505
443506
443507
443508
443509
443510
443511
443512
443513
443514
443515
443516
443517
443518
443519
443536
443537
443538
443539
443540
443541
443542
443543
443544
443545
443546
443547
443548
443549
443550
443551
443568
443569
443570
443571
443572
443573
443574
443575
443576
443577
443578
443579
443580
443581
443582
443583
443600
443601
443602
443603
443604
443605
443606
443607
443608
443609
443610
443611
443612
443613
443614
443615
444944
444945
444946
444947
444948
444949
444950
444951
444952
444953
444954
444955
444956
444957
444959
444976
444977
444978
444979
444980
444981
444982
444983
444984
444985
444986
444987
444988
444989
444990
444991
445008
445009
445010
445011
445012
445013
445014
445015
445016
445017
445018
445019
445020
445021
445022
445023
445040
445041
445042
445043
445044
445045
445046
445047
445048
445049
445050
445051
445052
445053
445054
445055
445072
445073
445074
445075
445076
445077
445078
445079
445080
445081
445082
445083
445084
445085
445086
445087
445104
445105
445106
445107
445109
445110
445111
445112
445113
445114
445115
445116
445117
445118
445119
445136
445137
445138
445139
445140
445141
445142
445143
445144
445145
445146
445147
445148
445149
445150
445151
445168
445169
445170
445171
445172
445173
445174
445175
445176
445177
445178
445179
445180
445181
445182
445183
445200
445201
445202
445203
445204
445205
445206
445207
445208
445209
445210
445211
445212
445213
445214
445215
445232
445233
445234
445235
445236
445237
445238
445239
445240
445241
445242
445243
445244
445245
445246
445247
445488
445489
445490
445491
445492
445493
445494
445495
445496
445497
445498
445499
445500
445501
445502
445503
445520
445521
445522
445523
445524
445525
445526
445527
445528
445529
445530
445531
445532
445533
445534
445535
445552
445553
445554
445555
445556
445557
445558
445559
445560
445561
445562
445563
445564
445565
445566
445567
445584
445585
445586
445587
445588
445589
445590
445591
445592
445593
445594
445595
445596
445597
445598
445599
445616
445617
445618
445619
445620
445621
445622
445623
445624
445625
445626
445627
445628
445629
445630
445631
445648
445649
445650
445651
445652
445653
445654
445655
445656
445657
445658
445659
445660
445661
445662
445663
461328
461329
461330
461331
461332
461333
461334
461335
461336
461337
461338
461339
461340
461341
461342
461343
461360
461361
461362
461363
461364
461365
461366
461367
461368
461369
461370
461371
461372
461373
461374
461375
461392
461393
461394
461395
461396
461397
461398
461399
461400
461401
461402
461403
461404
461405
461406
461407
461424
461425
461426
461427
461428
461429
461430
461431
461432
461433
461434
461435
461436
461437
461438
461439
461456
461457
461458
461459
461460
461461
461462
461463
461464
461465
461466
461467
461468
461469
461470
461471
461488
461489
461490
461491
461492
461493
461494
461495
461496
461497
461498
461499
461500
461501
461502
461503
461520
461521
461522
461523
461524
461525
461526
461527
461528
461529
461530
461531
461532
461533
461534
461535
461552
461553
461554
461555
461556
461557
461558
461559
461560
461561
461562
461563
461564
461565
461566
461567
461584
461585
461586
461587
461588
461589
461590
461591
461592
461593
461594
461595
461596
461597
461598
461599
461616
461617
461618
461619
461620
461621
461622
461623
461624
461625
461626
461627
461628
461629
461630
461631
461872
461873
461874
461875
461876
461877
461878
461879
461880
461881
461882
461883
461884
461886
461887
461904
461905
461906
461907
461908
461909
461910
461911
461912
461913
461914
461915
461916
461917
461918
461919
461936
461937
461938
461939
461940
461941
461942
461943
461944
461945
461946
461947
461948
461949
461950
461951
461968
461969
461970
461971
461972
461973
461974
461975
461976
461977
461978
461979
461980
461981
461982
461983
462000
462001
462002
462003
462004
462005
462006
462007
462008
462009
462010
462011
462012
462013
462014
462015
462032
462033
462034
462035
462036
462037
462038
462039
462040
462041
462042
462043
462044
462045
462046
462047
463376
463377
463378
463379
463380
463381
463382
463383
463384
463385
463386
463387
463388
463389
463390
463391
463408
463409
463410
463411
463412
463413
463414
463415
463416
463417
463418
463419
463420
463421
463422
463423
463440
463441
463442
463443
463444
463445
463446
463447
463448
463449
463450
463451
463452
463453
463454
463455
463472
463473
463474
463475
463476
463477
463478
463479
463480
463481
463482
463483
463484
463485
463486
463487
463504
463505
463506
463507
463508
463509
463510
463511
463512
463513
463514
463515
463516
463517
463518
463519
463536
463537
463538
463539
463540
463541
463542
463543
463544
463545
463546
463547
463548
463549
463550
463551
463568
463569
463570
463571
463572
463573
463574
463575
463576
463577
463578
463579
463580
463581
463582
463583
463600
463601
463602
463603
463604
463605
463606
463607
463608
463609
463610
463611
463612
463613
463614
463615
463632
463633
463634
463635
463636
463637
463638
463639
463640
463641
463642
463643
463644
463645
463646
463647
463664
463665
463666
463667
463668
463669
463670
463671
463672
463673
463674
463675
463676
463677
463678
463679
463920
463921
463922
463923
463924
463925
463926
463927
463928
463929
463930
463931
463932
463933
463934
463935
463952
463953
463954
463955
463956
463957
463958
463959
463960
463961
463962
463963
463964
463965
463966
463967
463984
463985
463986
463987
463988
463989
463990
463991
463992
463993
463994
463995
463996
463997
463998
463999
464016
464017
464018
464019
464020
464021
464022
464023
464024
464025
464026
464027
464028
464029
464030
464031
464048
464049
464050
464051
464052
464053
464054
464055
464056
464057
464058
464059
464060
464061
464062
464063
464080
464081
464082
464083
464084
464085
464086
464087
464088
464089
464090
464091
464092
464093
464094
464095
465424
465425
465426
465427
465428
465429
465430
465431
465432
465433
465434
465435
465436
465437
465438
465439
465456
465457
465458
465459
465460
465461
465462
465463
465464
465465
465466
465467
465468
465469
465470
465471
465488
465489
465490
465491
465492
465493
465494
465495
465496
465497
465498
465499
465500
465501
465502
465503
465520
465521
465522
465523
465524
465525
465526
465527
465528
465529
465530
465531
465532
465533
465534
465535
465552
465553
465554
465555
465556
465557
465558
465559
465560
465561
465562
465563
465564
465565
465566
465567
465584
465585
465586
465587
465588
465589
465590
465591
465592
465593
465594
465595
465596
465597
465598
465599
465616
465617
465618
465619
465620
465621
465622
465623
465624
465625
465626
465627
465628
465629
465630
465631
465648
465649
465650
465651
465652
465653
465654
465655
465656
465657
465658
465659
465660
465661
465662
465663
465680
465681
465682
465683
465684
465685
465686
465687
465688
465689
465690
465691
465692
465693
465694
465695
465712
465713
465714
465715
465716
465717
465718
465719
465720
465721
465722
465723
465724
465725
465726
465727
465968
465969
465970
465971
465972
465973
465974
465975
465976
465977
465978
465979
465980
465981
465982
465983
466000
466001
466002
466003
466004
466005
466006
466007
466008
466009
466010
466011
466012
466013
466014
466015
466032
466033
466034
466035
466036
466037
466038
466039
466040
466041
466042
466043
466044
466045
466046
466047
466064
466065
466066
466067
466068
466069
466070
466071
466072
466073
466074
466075
466076
466077
466078
466079
466096
466097
466098
466099
466100
466101
466102
466103
466104
466105
466106
466107
466108
466109
466110
466111
466128
466129
466130
466131
466132
466133
466134
466135
466136
466137
466138
466139
466140
466141
466142
466143
467472
467473
467474
467475
467476
467477
467478
467479
467480
467481
467482
467483
467484
467485
467486
467487
467504
467505
467506
467507
467508
467509
467510
467511
467512
467513
467514
467515
467516
467517
467518
467519
467536
467537
467538
467539
467540
467541
467542
467543
467544
467545
467546
467547
467548
467549
467550
467551
467568
467569
467570
467571
467572
467573
467574
467575
467576
467577
467578
467579
467580
467581
467582
467583
467600
467601
467602
467603
467604
467605
467606
467607
467608
467609
467610
467611
467612
467613
467614
467615
467632
467633
467634
467635
467636
467637
467638
467639
467640
467641
467642
467643
467644
467645
467646
467647
467664
467665
467666
467667
467668
467669
467670
467671
467672
467673
467674
467675
467676
467677
467678
467679
467696
467697
467698
467699
467700
467701
467702
467703
467704
467705
467706
467707
467708
467709
467710
467711
467728
467729
467730
467731
467732
467733
467734
467735
467736
467737
467738
467739
467740
467741
467742
467743
467760
467761
467762
467763
467764
467765
467766
467767
467768
467769
467770
467771
467772
467773
467774
467775
468016
468017
468018
468019
468020
468021
468022
468023
468024
468025
468026
468027
468028
468029
468030
468031
468048
468049
468050
468051
468052
468053
468054
468055
468056
468057
468058
468059
468060
468061
468062
468063
468080
468081
468082
468083
468084
468085
468086
468087
468088
468089
468090
468091
468092
468093
468094
468095
468112
468113
468114
468115
468116
468117
468118
468119
468120
468121
468122
468123
468124
468125
468126
468127
468144
468145
468146
468147
468148
468149
468150
468151
468152
468153
468154
468155
468156
468157
468158
468159
468176
468177
468178
468179
468180
468181
468182
468183
468184
468185
468186
468187
468188
468189
468190
468191
469520
469521
469522
469523
469524
469525
469526
469527
469528
469529
469530
469531
469532
469533
469534
469535
469552
469553
469554
469555
469556
469557
469558
469559
469560
469561
469562
469563
469564
469565
469566
469567
469584
469585
469586
469587
469588
469589
469590
469591
469592
469593
469594
469595
469596
469597
469598
469599
469616
469617
469618
469619
469620
469621
469622
469624
469625
469626
469627
469628
469629
469630
469631
469648
469649
469650
469651
469652
469653
469654
469655
469656
469657
469658
469659
469660
469661
469662
469663
469680
469681
469682
469683
469684
469685
469686
469687
469688
469689
469690
469691
469692
469693
469694
469695
469712
469713
469714
469715
469716
469717
469718
469719
469720
469721
469722
469723
469724
469725
469726
469727
469744
469745
469746
469747
469748
469749
469750
469751
469752
469753
469754
469755
469756
469757
469758
469759
469776
469777
469778
469779
469780
469781
469782
469783
469784
469785
469786
469787
469788
469789
469790
469791
469808
469809
469810
469811
469812
469813
469814
469815
469816
469817
469818
469819
469820
469821
469822
469823
470064
470065
470066
470067
470068
470069
470070
470071
470072
470073
470074
470075
470076
470077
470078
470079
470096
470097
470098
470099
470100
470101
470102
470103
470104
470105
470106
470107
470108
470109
470110
470111
470128
470129
470130
470131
470132
470133
470134
470135
470136
470137
470138
470139
470140
470141
470142
470143
470160
470161
470162
470163
470164
470165
470166
470167
470168
470169
470170
470171
470172
470173
470174
470175
470192
470193
470194
470195
470196
470197
470198
470199
470200
470201
470202
470224
470225
470226
470227
470228
470229
470230
470231
470232
470233
470234
470235
470236
470237
470238
470239
471568
471569
471570
471571
471572
471573
471574
471575
471576
471577
471578
471579
471580
471581
471582
471583
471600
471601
471602
471603
471604
471605
471606
471607
471608
471609
471610
471611
471612
471613
471614
471615
471632
471633
471634
471635
471636
471637
471638
471639
471640
471641
471642
471643
471644
471645
471646
471647
471664
471665
471666
471667
471668
471669
471670
471671
471672
471673
471674
471675
471676
471677
471678
471679
471696
471697
471698
471699
471700
471701
471702
471703
471704
471705
471706
471707
471708
471709
471710
471711
471728
471729
471730
471731
471732
471733
471734
471735
471736
471737
471738
471739
471740
471741
471742
471743
471760
471761
471762
471763
471764
471765
471766
471767
471768
471769
471770
471771
471772
471773
471774
471775
471792
471793
471794
471795
471796
471797
471798
471799
471800
471801
471802
471803
471804
471805
471806
471807
471824
471825
471826
471827
471828
471829
471830
471831
471832
471833
471834
471835
471836
471837
471838
471839
471856
471857
471858
471859
471860
471861
471862
471863
471864
471865
471866
471867
471868
471869
471870
471871
472112
472113
472114
472115
472116
472117
472118
472119
472120
472121
472122
472123
472124
472125
472126
472127
472144
472145
472146
472147
472148
472149
472150
472151
472152
472153
472154
472155
472156
472157
472158
472159
472176
472177
472178
472179
472180
472181
472182
472183
472184
472185
472186
472187
472188
472189
472190
472191
472208
472209
472210
472211
472212
472213
472214
472215
472216
472217
472218
472219
472220
472221
472222
472223
472240
472241
472242
472243
472244
472245
472246
472247
472248
472249
472250
472251
472252
472253
472254
472255
472272
472273
472274
472275
472276
472277
472278
472279
472280
472281
472282
472283
53314
53315
53318
53319
53322
53323
53326
53327
53330
53331
53334
53335
53338
53339
53342
53343
53346
53347
53350
53351
53382
53383
53386
53387
53390
53391
53394
53395
53398
53399
53402
53403
53570
53571
53574
53575
53578
53579
53582
53583
53586
53587
53590
53591
53594
53595
53598
53599
53602
53603
53606
53607
53638
53639
53642
53643
53646
53647
53650
53651
53654
53655
53658
53659
53826
53827
53830
53831
53834
53835
53838
53839
53842
53843
53846
53847
53850
53851
53854
53855
53858
53859
53862
53863
53894
53895
53898
53899
53902
53903
53906
53907
53910
53911
53914
53915
54082
54083
54086
54087
54090
54091
54094
54095
54098
54099
54102
54103
54106
54107
54110
54111
54114
54115
54118
54119
54150
54151
54154
54155
54158
54159
54162
54163
54166
54167
54170
54171
54338
54339
54342
54343
54346
54347
54350
54351
54354
54355
54358
54359
54362
54363
54366
54367
54370
54371
54374
54375
54406
54407
54410
54411
54414
54415
54418
54419
54422
54423
54426
54427
54594
54595
54598
54599
54602
54603
54606
54607
54610
54611
54614
54615
54618
54619
54622
54623
54626
54627
54630
54631
54662
54663
54666
54667
54670
54671
54674
54675
54678
54679
54682
54683
54850
54851
54854
54855
54858
54859
54862
54863
54866
54867
54870
54871
54874
54875
54878
54879
54882
54883
54886
54887
54918
54919
54922
54923
54926
54927
54930
54931
54934
54935
54938
54939
55106
55107
55110
55111
55114
55115
55118
55119
55122
55123
55126
55127
55130
55131
55134
55135
55138
55139
55142
55143
55174
55175
55178
55179
55182
55183
55186
55187
55190
55191
55194
55195
55362
55363
55366
55367
55370
55371
55374
55375
55378
55379
55382
55383
55386
55387
55390
55391
55394
55395
55398
55399
55430
55431
55434
55435
55438
55439
55442
55443
55446
55447
55450
55451
55618
55619
55622
55623
55626
55627
55630
55631
55634
55635
55638
55639
55642
55643
55646
55647
55650
55651
55654
55655
55686
55687
55690
55691
55694
55695
55698
55699
55702
55703
55706
55707
57666
57667
57670
57671
57674
57675
57678
57679
57682
57683
57686
57687
57690
57691
57694
57695
57698
57699
57702
57703
57734
57735
57738
57739
57742
57743
57746
57747
57750
57751
57754
57755
57922
57923
57926
57927
57930
57931
57934
57935
57938
57939
57942
57943
57946
57947
57950
57951
57954
57955
57958
57959
57990
57991
57994
57995
57998
57999
58002
58003
58006
58007
58010
58011
58178
58179
58182
58183
58186
58187
58190
58191
58194
58195
58198
58199
58202
58203
58206
58207
58210
58211
58214
58215
58246
58247
58250
58251
58254
58255
58258
58259
58262
58263
58266
58267
58434
58435
58438
58439
58442
58443
58446
58447
58450
58451
58454
58455
58458
58459
58462
58463
58466
58467
58470
58471
58502
58503
58506
58507
58510
58511
58514
58515
58518
58519
58522
58523
58690
58691
58694
58695
58698
58699
58702
58703
58706
58707
58710
58711
58714
58715
58718
58719
58722
58723
58726
58727
58758
58759
58762
58763
58766
58767
58770
58771
58774
58775
58778
58779
58946
58947
58950
58951
58954
58955
58958
58959
58962
58963
58966
58967
58970
58971
58974
58975
58978
58979
58982
58983
59014
59015
59018
59019
59022
59023
59026
59027
59030
59031
59034
59035
853024
853025
853026
853027
853028
853029
853030
853031
853088
853089
853090
853091
853092
853093
853094
853095
853096
853097
853098
853099
853100
853101
853102
853103
853104
853105
853106
853107
853108
853109
853152
853153
853154
853155
853156
853157
853158
853159
853160
853161
853162
853163
853164
853165
853166
853167
853216
853217
853218
853219
853220
853221
853222
853223
853224
853225
853226
853227
853280
853281
853282
853283
853284
853285
853286
853287
853288
853289
853290
853291
853292
853293
853294
853295
853344
853345
853346
853347
853348
853349
853408
853409
853410
853411
853412
853413
853414
853415
853416
853417
853418
853419
853420
853421
853472
853473
853474
853475
853476
853477
853478
853536
853537
853538
853539
853540
853541
853542
853543
853544
853545
853546
853547
853548
853549
853550
853551
853552
853553
853600
853601
853602
853603
853604
853605
853606
853607
853608
853609
853610
853611
853612
853613
853614
853615
853616
853617
853618
853619
853620
854112
854113
854114
854115
854116
854117
854118
854119
854120
854121
854122
854123
854124
854176
854177
854178
854179
854180
854181
854182
854183
854184
854185
854186
854187
854188
854189
854190
854191
854192
854193
854194
854195
854196
854197
854240
854241
854242
854243
854244
854245
854246
854247
854248
854249
854250
854304
854305
854306
854307
854308
854309
854310
854311
854312
854313
854314
854315
854316
854317
854318
854368
854369
854370
854371
854372
854373
854374
854375
854376
854432
854433
854434
854435
854436
854437
854438
854439
854440
854441
854442
854443
854444
854445
854446
854447
854448
854449
857120
857121
857122
857184
857185
857186
857187
857188
857189
857190
857191
857192
857248
857249
857250
857251
857252
857253
857254
857255
857256
857257
857258
857259
857260
857261
857262
857264
857265
857266
857267
857268
857269
857270
857271
857272
857273
857274
857275
857276
857312
857313
857314
857315
857376
857377
857378
857379
857380
857381
857382
857383
857384
857385
857386
857387
857388
857389
857390
857440
857441
857442
857443
857444
857445
857446
857504
857505
857506
857507
857508
857509
857510
857511
857568
857569
857570
857571
857572
857573
857574
857575
857576
857632
857633
857634
857635
857636
857637
857638
857639
857640
857641
857642
857643
857644
857645
857646
857647
857648
857649
857650
857651
857696
858208
858209
858210
858211
858212
858213
858214
858215
858216
858217
858218
858219
858220
858221
858222
858223
858224
858272
858273
858274
858275
858276
858277
858278
858336
858337
858338
858339
858340
858341
858342
858343
858344
858400
858401
858402
858403
858404
858405
858406
858407
858408
858409
858410
858411
858412
858413
858414
858415
858416
858417
858418
858464
858465
858466
858467
858468
858469
858528
858529
858530
858531
858532
858533
858534
858535
858536
858537
858538
858539
858540
858541
858542
858543
858544
861216
861217
861218
861219
861220
861221
861222
861223
861224
861280
861281
861282
861283
861284
861285
861286
861287
861288
861289
861290
861291
861292
861293
861294
861295
861296
861297
861298
861299
861344
861345
861346
861347
861348
861349
861350
861351
861352
861353
861354
861355
861356
861357
861358
861408
861409
861410
861411
861412
861472
861473
861474
861475
861476
861477
861478
861479
861480
861536
861537
861538
861539
861540
861541
861542
861543
861544
861600
861601
861602
861603
861604
861605
861606
861607
861608
861609
861610
861611
861612
861613
861614
861615
861664
861665
861666
861667
861668
861669
861728
861729
861730
861792
861793
861794
861795
861796
861797
861798
861799
861800
861801
861802
861803
861804
861805
861806
861807
861808
861809
861810
862368
862369
862370
862371
862372
862373
862374
862375
862376
862432
862433
862434
862435
862436
862437
862438
862439
862440
862441
862442
862443
862444
862445
862446
862447
862448
862449
862450
862451
862452
862453
862454
862496
862497
862498
862499
862500
862501
862502
862503
862504
862505
862506
862507
862508
862509
862510
862511
862512
862513
862514
862515
862516
862517
862518
862560
862561
862562
862563
862564
862565
862566
862567
862568
862569
862570
862571
862572
862573
862574
862575
862576
862577
862624
862625
862626
865312
865313
865314
865315
865316
865317
865376
865377
865378
865379
865380
865381
865382
865440
865441
865442
865443
865444
865445
865446
865447
865448
865449
865450
865451
865452
865453
865454
865455
865456
865457
865458
865459
865504
865505
865506
865507
865508
865509
865510
865511
865512
865568
865569
865570
865571
865572
865573
865574
865575
865576
865577
865578
865579
865580
865581
865582
865632
865633
865634
865635
865636
865637
865638
865639
865640
865696
865697
865698
865699
865700
865701
865702
865703
865704
865705
865706
865707
865760
865761
865762
865763
865824
865825
865826
865827
865828
865829
865830
865831
865832
865833
865834
865888
865889
865890
865891
865892
865893
865894
865895
865896
865897
865898
865899
865900
865901
865902
865903
866400
866401
866402
866403
866404
866405
866406
866407
866408
866409
866464
866465
866466
866467
866468
866469
866470
866471
866472
866473
866474
866475
866476
866477
866478
866479
866480
866481
866482
866483
866528
866529
866530
866531
866532
866592
866593
866594
866595
866596
866597
866598
866599
866600
866601
866602
866656
866657
866658
866659
866660
866661
866662
866663
866664
866665
866666
866667
866668
866669
866670
866671
866672
866720
866721
866722
866723
866724
866725
869408
869409
869410
869411
869412
869413
869414
869415
869416
869417
869418
869419
869420
869421
869422
869472
869473
869474
869475
869476
869477
869478
869479
869480
869481
869482
869483
869484
869485
869486
869487
869488
869489
869490
869536
869537
869538
869539
869540
869541
869600
869601
869602
869603
869604
869605
869606
869607
869608
869609
869610
869611
869612
869613
869614
869615
869616
869664
869728
869729
869730
869731
869732
869733
869734
869735
869736
869737
869738
869739
869740
869741
869742
869743
869744
869745
869746
869747
869748
869749
869750
869751
869792
869793
869794
869795
869796
869797
869798
869799
869856
869857
869858
869859
869860
869861
869862
869863
869864
869865
869866
869920
869921
869922
869923
869924
869984
869985
869986
869987
869988
869989
869990
869991
869992
869993
869994
869995
870496
870497
870498
870499
870500
870501
870502
870503
870504
870505
870506
870507
870508
870509
870510
870560
870561
870562
870563
870564
870565
870566
870567
870568
870569
870570
870571
870572
870624
870625
870626
870627
870628
870629
870630
870631
870632
870633
870634
870635
870636
870637
870638
870639
870640
870641
870642
870643
870644
870645
870646
870688
870689
870690
870691
870692
870693
870694
870695
870696
870697
870698
870699
870700
870701
870702
870703
870752
870753
870754
870755
870756
870757
870758
870759
870760
870761
870762
870763
870764
870765
870766
870767
870768
870769
870770
870771
870772
870773
870774
870775
870776
870816
870817
870818
870819
870820
870821
873504
873505
873506
873507
873508
873509
873510
873511
873512
873513
873514
873515
873516
873517
873518
873568
873569
873570
873571
873572
873573
873574
873575
873576
873577
873578
873579
873580
873581
873582
873583
873584
873632
873633
873634
873635
873636
873637
873638
873639
873640
873641
873642
873643
873644
873645
873646
873696
873697
873698
873699
873700
873701
873702
873703
873704
873705
873706
873760
873761
873762
873763
873764
873765
873766
873767
873768
873769
873824
873825
873826
873827
873828
873829
873830
873831
873832
873833
873834
873835
873836
873888
873889
873890
873891
873892
873893
873894
873895
873896
873897
873898
873899
873900
873901
873902
873903
873904
873905
873906
873952
873953
873954
873955
873956
873957
873958
873959
873960
873961
873962
873963
873964
873965
873966
873967
874016
874017
874018
874019
874020
874080
874081
874082
874083
874084
874085
874086
874087
874088
874089
874090
874091
874092
874093
874094
874095
874096
874097
874098
874099
874100
874592
874593
874594
874595
874596
874597
874598
874599
874600
874601
874602
874656
874657
874658
874659
874660
874661
874662
874663
874664
874665
874666
874667
874668
874669
874720
874721
874722
874723
874724
874725
874726
874727
874728
874729
874730
874731
874732
874733
874734
874735
874736
874784
874785
874786
874787
874788
874789
874790
874791
874848
874849
874850
874851
874852
874853
874854
874855
874856
874857
874858
874859
874860
874861
874912
874913
874914
874915
874916
874917
874918
874919
874920
874921
874922
874923
874924
874925
877600
877601
877602
877603
877604
877605
877606
877607
877608
877609
877610
877611
877664
877665
877666
877667
877668
877669
877670
877728
877729
877730
877731
877732
877733
877734
877735
877736
877737
877738
877792
877793
877794
877795
877796
877797
877798
877856
877857
877858
877859
877860
877861
877862
877863
877864
877865
877866
877867
877920
877921
877922
877923
877924
877925
877926
877927
877928
877929
877930
877931
877932
877984
877985
877986
877987
877988
877989
877990
877991
877992
877993
877994
877995
877996
877997
878048
878049
878050
878051
878052
878053
878054
878055
878056
878057
878058
878059
878060
878061
878062
878063
878064
878065
878112
878113
878114
878115
878116
878117
878118
878119
878120
878121
878122
878124
878176
878177
878178
878179
878180
878181
878182
878183
878184
878185
878186
878187
878188
878189
878191
878192
878193
878194
878195
878196
878688
878689
878690
878691
878692
878693
878694
878752
878753
878754
878755
878756
878757
878758
878759
878760
878761
878762
878763
878764
878765
878766
878767
878768
878769
878816
878817
878818
878819
878820
878821
878880
878881
878882
878883
878944
878945
878946
878947
878948
878949
878950
878951
878952
878953
878954
878955
878956
878957
878958
878959
878960
879008
879009
879010
879011
879012
879013
879014
879015
879016
879017
879018
879019
879020
879021
879022
881696
881697
881698
881699
881700
881701
881702
881703
881704
881705
881706
881707
881708
881709
881710
881711
881712
881713
881714
881715
881760
881761
881762
881763
881764
881765
881766
881767
881768
881769
881824
881825
881826
881827
881828
881829
881830
881831
881832
881833
881834
881835
881836
881837
881838
881888
881889
881890
881891
881892
881893
881894
881895
881896
881897
881952
881953
882016
882017
882018
882019
882020
882021
882022
882023
882024
882080
882081
882082
882083
882084
882085
882086
882087
882088
882089
882090
882091
882092
882093
882094
882095
882096
882097
882098
882099
882100
882144
882145
882146
882147
882148
882149
882150
882151
882152
882153
882154
882155
882156
882208
882209
882210
882211
882212
882213
882214
882215
882272
882273
882274
882275
882276
882277
882278
882279
882280
882281
882282
882283
882784
882785
882786
882787
882788
882789
882790
882791
882848
882849
882850
882851
882852
882912
882913
882914
882915
882916
882917
882918
882919
882920
882976
882977
882978
882979
882980
882981
882982
882983
882984
882985
882986
882987
882988
882989
882990
882991
882992
882993
882994
882995
882996
882997
882998
882999
883040
883041
883042
883043
883044
883045
883046
883047
883048
883049
883050
883051
883052
883053
883054
883055
883056
883057
883058
883059
883060
883104
883105
883106
883107
883108
883109
885792
885793
885794
885795
885796
885797
885798
885799
885856
885857
885858
885859
885860
885861
885862
885863
885864
885865
885866
885867
885868
885869
885870
885871
885872
885873
885920
885921
885922
885923
885924
885925
885926
885927
885928
885929
885930
885931
885932
885984
885985
885986
885987
885988
885989
885990
885991
885992
885993
886048
886049
886050
886051
886052
886053
886054
886055
886056
886057
886058
886059
886061
886112
886113
886114
886115
886116
886117
886118
886119
886120
886121
886122
886123
886124
886176
886177
886178
886179
886180
886181
886182
886183
886184
886185
886186
886187
886188
886189
886190
886191
886192
886193
886194
886195
886196
886197
886240
886241
886242
886243
886244
886245
886246
886247
886248
886249
886250
886251
886252
886253
886254
886255
886256
886304
886305
886306
886307
886308
886309
886310
886311
886312
886313
886314
886315
886316
886317
886318
886319
886320
886321
886322
886323
886324
886325
886326
886368
886369
886370
886371
886372
886373
886374
886375
886376
886377
886378
886379
886380
886381
886382
886383
886384
886385
886386
886880
886881
886882
886883
886884
886885
886944
886945
886946
886947
886948
886949
886950
887008
887009
887010
887011
887012
887013
887014
887015
887016
887017
887018
887019
887020
887021
887072
887073
887074
887075
887076
887077
887078
887079
887080
887081
887136
887137
887138
887139
887140
887141
887142
887143
887144
887145
887146
887147
887148
887149
887150
887151
887152
887200
887201
887202
887203
887204
887205
887206
887207
887208
887209
887210
887211
887212
889888
889889
889890
889891
889892
889893
889894
889895
889896
889897
889898
889899
889900
889901
889902
889903
889952
889953
889954
889955
889956
889957
889958
889959
889960
889961
889962
889963
890016
890017
890018
890019
890020
890021
890022
890023
890025
890026
890027
890080
890081
890144
890145
890146
890147
890148
890149
890208
890209
890210
890211
890212
890213
890214
890215
890216
890217
890218
890219
890220
890221
890272
890273
890274
890275
890276
890277
890278
890279
890280
890281
890282
890283
890284
890285
890286
890287
890288
890289
890336
890337
890338
890339
890340
890341
890342
890400
890401
890402
890403
890404
890405
890406
890407
890408
890409
890410
890411
890412
890413
890414
890415
890464
890465
890466
890467
890468
890469
890470
890471
890472
890473
890474
890475
890476
890477
890478
890479
890480
890481
890976
890977
890978
890979
890980
890981
890982
890983
890984
890985
890986
890987
890988
890989
890990
890991
890992
890993
890994
890995
890996
890997
890998
890999
891000
891001
891002
891040
891041
891042
891043
891044
891045
891046
891047
891048
891049
891050
891104
891105
891106
891107
891108
891109
891110
891111
891112
891168
891169
891170
891171
891172
891173
891174
891175
891176
891177
891178
891232
891233
891234
891235
891236
891237
891238
891239
891240
891241
891242
891243
891244
891296
891297
891298
891299
891300
891301
922656
922657
922658
922659
922660
922661
922662
922663
922664
922665
922666
922667
922668
922669
922720
922721
922722
922723
922724
922725
922726
922727
922728
922784
922785
922786
922787
922788
922789
922790
922791
922792
922793
922794
922795
922796
922797
922798
922799
922800
922801
922802
922803
922804
922805
922848
922849
922850
922912
922913
922914
922915
922916
922917
922976
922977
922978
922979
922980
922981
923040
923041
923042
923043
923044
923104
923105
923106
923107
923108
923109
923110
923111
923112
923113
923114
923115
923116
923117
923118
923168
923169
923170
923171
923172
923173
923174
923175
923176
923177
923178
923179
923180
923181
923232
923233
923234
923235
923236
923237
923238
923239
923240
923241
923242
923243
923244
923245
923246
923247
923744
923745
923746
923747
923748
923749
923750
923751
923752
923753
923754
923755
923756
923757
923758
923808
923809
923810
923811
923812
923813
923814
923815
923816
923817
923818
923819
923820
923821
923822
923872
923873
923874
923875
923876
923877
923878
923879
923880
923881
923882
923883
923884
923885
923886
923887
923888
923889
923936
923937
923938
923939
923940
923941
923942
923943
923944
923945
923946
923947
923948
923949
923950
923951
923952
923953
923954
923955
924000
924001
924002
924003
924004
924005
924006
924007
924008
924009
924010
924011
924012
924013
924014
924015
924016
924017
924018
924064
924065
924066
924067
924068
924069
924070
924071
926752
926753
926754
926755
926756
926757
926758
926759
926760
926761
926762
926763
926764
926765
926816
926817
926818
926819
926820
926821
926822
926823
926824
926825
926826
926827
926880
926944
926945
926946
926947
926948
926949
926950
926951
926952
926953
926954
926955
926956
926957
926958
926959
926960
926961
926962
926963
926964
926965
927008
927009
927010
927011
927012
927013
927014
927015
927016
927017
927018
927019
927020
927021
927022
927023
927024
927025
927072
927073
927074
927075
927076
927077
927078
927079
927080
927081
927082
927083
927084
927085
927086
927087
927088
927136
927137
927138
927139
927140
927141
927142
927143
927144
927145
927146
927147
927148
927149
927150
927151
927152
927153
927154
927155
927200
927201
927202
927203
927204
927205
927264
927265
927266
927267
927268
927269
927270
927271
927272
927273
927274
927275
927276
927277
927278
927279
927280
927281
927328
927329
927840
927841
927842
927843
927844
927845
927846
927847
927848
927849
927850
927851
927852
927904
927905
927906
927907
927908
927909
927910
927912
927913
927914
927915
927916
927917
927918
927919
927968
927969
927970
927971
927972
927973
927974
927975
927976
927977
927978
927979
927980
927981
928032
928033
928034
928035
928036
928037
928038
928039
928096
928097
928098
928099
928100
928101
928102
928103
928104
928105
928106
928107
928108
928109
928160
928161
928162
928163
928164
928165
928166
928167
928168
928169
928170
928171
928172
928173
928174
928175
930848
930849
930850
930851
930852
930853
930854
930855
930856
930857
930858
930859
930860
930861
930912
930913
930914
930915
930916
930917
930918
930919
930920
930921
930922
930976
930977
930978
930979
930980
930981
930982
930983
930984
930985
930986
930987
930988
930989
930990
931040
931041
931042
931043
931044
931045
931046
931047
931048
931049
931050
931051
931052
931104
931105
931106
931107
931108
931109
931110
931111
931112
931113
931114
931115
931116
931117
931118
931119
931168
931169
931170
931171
931172
931173
931174
931175
931176
931177
931178
931232
931233
931234
931235
931236
931237
931238
931239
931240
931241
931242
931243
931244
931245
931246
931247
931248
931249
931250
931251
931252
931253
931254
931255
931296
931297
931298
931299
931300
931301
931360
931361
931424
931425
931426
931427
931428
931429
931430
931431
931432
931433
931434
931435
931436
931936
931937
931938
931939
931940
931941
931942
931943
931944
931945
931946
931947
931948
931949
931950
932000
932001
932002
932003
932004
932005
932006
932007
932064
932065
932066
932067
932068
932069
932070
932071
932072
932073
932074
932128
932129
932130
932131
932132
932133
932134
932135
932136
932137
932138
932139
932140
932141
932142
932143
932144
932145
932146
932147
932192
932256
932257
932258
932259
932260
932261
932262
932263
932264
932265
932266
932267
932268
932269
932270
934944
934945
934946
934947
934948
934949
934950
934951
934952
934953
934954
934955
934956
934957
934958
934959
934960
935008
935009
935072
935073
935074
935075
935076
935077
935078
935079
935080
935081
935136
935137
935138
935139
935140
935141
935142
935143
935144
935145
935200
935201
935202
935203
935204
935205
935206
935207
935208
935209
935210
935211
935212
935213
935214
935215
935216
935217
935218
935219
935220
935221
935264
935265
935266
935267
935268
935269
935270
935271
935272
935273
935274
935275
935276
935277
935278
935279
935328
935329
935330
935331
935332
935333
935334
935335
935336
935337
935338
935339
935340
935341
935342
935343
935344
935345
935346
935392
935393
935394
935395
935396
935397
935398
935399
935400
935401
935402
935403
935404
935405
935406
935456
935457
935458
935459
935460
935461
935462
935463
935464
935465
935520
935521
935522
935523
935524
935525
935526
935527
935528
936032
936033
936034
936035
936036
936037
936038
936039
936040
936041
936042
936043
936044
936045
936046
936047
936048
936096
936097
936098
936099
936100
936101
936102
936103
936105
936106
936107
936108
936109
936110
936111
936112
936113
936114
936115
936116
936117
936160
936161
936162
936163
936164
936165
936166
936167
936168
936224
936225
936226
936227
936228
936229
936230
936231
936232
936233
936288
936289
936352
936353
936354
936355
936356
936357
936358
936359
936360
939040
939041
939042
939043
939044
939045
939046
939047
939048
939049
939050
939051
939052
939053
939104
939105
939106
939107
939108
939109
939110
939111
939112
939113
939114
939115
939116
939117
939118
939119
939120
939121
939122
939123
939124
939125
939126
939127
939128
939129
939130
939131
939132
939168
939169
939170
939171
939172
939173
939174
939175
939176
939177
939178
939179
939180
939296
939297
939298
939299
939300
939301
939302
939303
939304
939305
939306
939307
939308
939309
939360
939361
939362
939363
939364
939365
939366
939367
939368
939369
939370
939371
939372
939373
939374
939375
939376
939377
939378
939379
939380
939381
939424
939425
939426
939427
939428
939429
939430
939431
939432
939433
939434
939435
939436
939437
939438
939439
939440
939441
939442
939443
939444
939445
939446
939488
939489
939490
939491
939492
939493
939494
939495
939496
939497
939498
939499
939500
939552
939553
939554
939555
939556
939557
939558
939559
939560
939561
939616
939617
939618
939619
939620
940128
940129
940130
940131
940132
940133
940134
940135
940136
940137
940138
940139
940140
940141
940142
940143
940192
940193
940194
940195
940196
940197
940198
940199
940200
940201
940202
940203
940204
940205
940206
940207
940208
940256
940257
940258
940259
940260
940261
940262
940448
940449
940450
940451
940452
940453
940454
940455
940456
940457
940458
940459
940460
943136
943137
943138
943139
943140
943141
943142
943143
943144
943145
943146
943147
943148
943149
943150
943151
943152
943264
943265
943266
943267
943268
943269
943270
943271
943272
943273
943274
943275
943276
943277
943278
943279
943280
943281
943328
943329
943330
943331
943392
943393
943394
943395
943396
943397
943456
943457
943520
943521
943522
943523
943524
943525
943526
943527
943528
943529
943530
943531
943532
943533
943534
943535
943536
943537
943584
943585
943586
943587
943588
943589
943590
943591
943592
943593
943594
943648
943649
943650
943651
943652
943653
943654
943712
943713
943714
943715
943716
943717
943718
943719
943720
943721
943722
943723
943724
943725
944224
944225
944288
944289
944290
944291
944292
944293
944294
944295
944296
944297
944298
944299
944300
944301
944302
944303
944304
944305
944306
944352
944353
944354
944355
944356
944357
944358
944359
944360
944361
944362
944363
944364
944365
944366
944367
944368
944369
944370
944371
944372
944373
944374
944375
944376
944416
944417
944418
944419
944420
944421
944422
944423
944424
944425
944480
944481
944482
944483
944484
944485
944486
944487
944488
944489
944490
944491
944492
944493
944494
944495
